
epochs:0

epochs:0

epochs:0
0.4989237070083618
0.49741312861442566
0.49594649076461794
0.4945200502872467
0.4931308388710022
0.49177575707435606
0.4904524087905884
0.4891583561897278
0.48789162635803224
0.4866502583026886
0.48543264865875246
0.48423721790313723
0.4830628037452698
0.48190810084342955
0.480772066116333
0.47965375781059266
0.4785523474216461
0.47746698260307313
0.4763971149921417
0.47534199953079226
0.474301153421402
0.4732740342617035
0.47226017713546753
0.4712591826915741
0.470270699262619
0.4692943453788757
0.4683297872543335
0.46737677454948423
0.46643499135971067
0.46550422310829165
0.4645841717720032
0.46367462873458865
0.4627754509449005
0.46188636422157286
0.4610071897506714
0.46013776659965516
0.45927793979644777
0.45842748284339907
0.4575862348079681
0.45675410628318786
0.4559308588504791
0.4551164448261261
0.45431063771247865
0.45351332426071167
0.45272443890571595
0.45194377899169924
0.4511711835861206
0.4504065990447998
0.44964985847473143
0.4489008843898773
0.448159521818161
0.4474256634712219
0.4466992259025574
0.44598001837730405
0.44526801705360414
0.4445630729198456
0.44386507868766784
0.4431739389896393
0.4424895763397217
0.4418118357658386
0.4411406636238098
0.44047592878341674
0.4398175835609436
0.4391655147075653
0.4385195732116699
0.43787975907325744
0.43724591135978697
0.43661800026893616
0.435995876789093
0.43537949919700625
0.43476881980896
0.43416365385055544
0.4335640013217926
0.43296974897384644
0.4323808491230011
0.4317972004413605
0.43121870160102843
0.43064541816711427
0.43007712364196776
0.4295137643814087
0.42895530462265014
0.4284017086029053
0.42785287499427793
0.4273087322711945
0.4267692565917969
0.4262342989444733
0.425703889131546
0.42517790794372556
0.4246563076972961
0.42413907051086425
0.42362610101699827
0.42311733961105347
0.42261276245117185
0.4221122980117798
0.42161585688591
0.4211234271526337
0.4206349790096283
0.4201504349708557
0.41966977119445803
0.419192910194397
0.41871979236602785
0.41825039982795714
0.41778470277786256
0.4173226416110992
0.4168641209602356
0.41640918850898745
0.41595775485038755
0.4155097544193268
0.41506520509719846
0.4146240413188934
0.4141862094402313
0.41375173926353453
0.4133205056190491
0.4128924965858459
0.4124676942825317
0.41204604506492615
0.4116275668144226
0.4112121820449829
0.4107998549938202
0.4103905916213989
0.40998426675796507
0.4095809757709503
0.409180611371994
0.4087831795215607
0.40838862657547
0.40799694657325747
0.40760812163352966
0.4072220683097839
0.4068388342857361
0.406458306312561
0.40608052015304563
0.40570545196533203
0.40533304810523985
0.40496331453323364
0.40459621548652647
0.40423171520233153
0.4038698077201843
0.40351044535636904
0.4031536400318146
0.40279933214187624
0.4024475336074829
0.4020982027053833
0.40175134539604185
0.401406866312027
0.4010648250579834
0.4007252097129822
0.4003879249095917
0.40005301833152773
0.3997204124927521
0.3993901550769806
0.399062180519104
0.3987364709377289
0.3984130322933197
0.3980918228626251
0.3977728247642517
0.3974560558795929
0.39714149832725526
0.39682903289794924
0.39651877284049986
0.39621062874794005
0.3959045946598053
0.39560065865516664
0.3952988088130951
0.3949990332126617
0.39470136165618896
0.39440563321113586
0.39411199688911436
0.39382030367851256
0.3935306191444397
0.3932429254055023
0.3929571509361267
0.3926733136177063
0.392391437292099
0.3921114444732666
0.39183335304260253
0.3915571331977844
0.39128278493881224
0.3910102963447571
0.3907395780086517
0.39047072529792787
0.3902036786079407
0.3899384319782257
0.38967493176460266
0.38941323161125185
0.3891532778739929
0.38889501094818113
0.3886384665966034
0.38838366270065305
0.3881305158138275
0.3878790318965912
0.3876292407512665
0.3873810589313507
0.38713454008102416
0.38688963651657104
0.3866463840007782
0.38640466928482053
0.3861645579338074
0.38592601418495176
0.38568902015686035
0.3854535937309265
0.38521963357925415
0.3849872350692749
0.3847562909126282
0.3845268487930298
0.38429890275001527
0.38407238125801085
0.38384734392166137
0.3836237072944641
0.38340153694152834
0.38318074941635133
0.3829613745212555
0.3827433407306671
0.38252671957015993
0.38231147527694703
0.38209753632545473
0.3818849265575409
0.38167364001274107
0.38146368861198426
0.38125504851341246
0.38104769587516785
0.38084161281585693
0.38063674569129946
0.38043315410614015
0.38023084998130796
0.38002975583076476
0.37982985377311707
0.3796311616897583
0.37943367958068847
0.3792373776435852
0.3790422260761261
0.3788482904434204
0.3786554753780365
0.3784637928009033
0.3782732248306274
0.37808380722999574
0.3778954744338989
0.3777082681655884
0.3775221049785614
0.37733702063560487
0.3771530091762543
0.37697007060050963
0.3767881691455841
0.37660727500915525
0.37642742395401
0.3762485861778259
0.3760707497596741
0.3758939027786255
0.3757180392742157
0.37554314732551575
0.3753692150115967
0.37519625425338743
0.37502425312995913
0.3748531639575958
0.3746830224990845
0.3745137512683868
0.3743454337120056
0.37417799830436704
0.3740114510059357
0.3738458216190338
0.3736810326576233
0.3735170722007751
0.37335402369499204
0.37319177985191343
0.3730304479598999
0.37286988496780393
0.3727101445198059
0.3725511968135834
0.37239308953285216
0.37223578095436094
0.3720792651176453
0.37192349433898925
0.3717685341835022
0.3716143071651459
0.37146087288856505
0.37130815982818605
0.3711561977863312
0.3710049748420715
0.3708544909954071
0.37070475816726683
0.3705556809902191
0.3704073429107666
0.37025967240333557
0.37011274695396423
0.369966459274292
0.3698209047317505
0.36967597603797914
0.36953171491622927
0.3693881154060364
0.36924517154693604
0.3691028833389282
0.36896122694015504
0.36882019639015196
0.3686797857284546
0.36854000091552735
0.3684008479118347
0.3682623028755188
0.36812433004379275
0.36798700094223025
0.3678502321243286
0.3677140772342682
0.36757848858833314
0.36744346618652346
0.36730897426605225
0.3671751022338867
0.36704177856445314
0.36690900921821595
0.3667768120765686
0.36664515137672427
0.3665140151977539
0.36638340950012205
0.36625334024429324
0.3661238133907318
0.36599478125572205
0.3658662438392639
0.3657382309436798
0.36561071276664736
0.3654837071895599
0.3653571903705597
0.3652311682701111
0.3651056408882141
0.3649805963039398
0.3648560047149658
0.36473190784454346
0.36460828185081484
0.3644851088523865
0.36436237692832946
0.3642401397228241
0.36411834955215455
0.36399698853492735
0.36387611031532285
0.3637556493282318
0.3636356294155121
0.3635159969329834
0.3633968591690063
0.36327813267707826
0.3631598174571991
0.3630419492721558
0.36292447447776793
0.36280741095542907
0.3626907646656036
0.3625745356082916
0.3624586880207062
0.3623432457447052
0.36222822070121763
0.36211358308792113
0.36199934482574464
0.3618854761123657
0.3617719948291779
0.3616588652133942
0.3615461826324463
0.3614338457584381
0.3613219201564789
0.36121026873588563
0.361099112033844
0.360988187789917
0.36087777018547057
0.3607675671577454
0.3606578767299652
0.3605483889579773
0.3604393362998962
0.3603306174278259
0.3602222681045532
0.36011422872543336
0.3600066125392914
0.3598992645740509
0.3597922921180725
0.359685605764389
0.3595793187618256
0.35947335958480836
0.35936771631240844
0.35926241278648374
0.35915746688842776
0.3590528070926666
0.35894848108291627
0.35884448885917664
0.35874080657958984
0.3586374521255493
0.3585344612598419
0.3584317207336426
0.3583293676376343
0.35822723507881166
0.35812551379203794
0.35802401304244996
0.35792293548583987
0.35782202482223513
0.3577215731143951
0.3576213359832764
0.3575214445590973
0.3574218451976776
0.35732258558273317
0.3572236180305481
0.357124924659729
0.35702653527259826
0.3569284975528717
0.3568307042121887
0.3567332088947296
0.35663601756095886
0.3565391480922699
0.35644258856773375
0.3563462674617767
0.3562502503395081
0.3561545431613922
0.35605916380882263
0.3559640467166901
0.3558692395687103
0.35577464699745176
0.35568044185638426
0.355586439371109
0.3554928064346313
0.3553993821144104
0.35530630350112913
0.35521349906921384
0.35512091517448424

epochs:1
0.3548418402671814
0.3545054912567139
0.35416954159736636
0.3538339912891388
0.3534988582134247
0.3531641483306885
0.35282989144325255
0.35249605774879456
0.3521626889705658
0.3518298268318176
0.3514974117279053
0.3511656284332275
0.3508343279361725
0.3505036413669586
0.3501735329627991
0.34984407424926756
0.3495152235031128
0.3491870522499084
0.3488596320152283
0.34853291511535645
0.34820696115493777
0.3478817820549011
0.34755743145942686
0.34723389744758604
0.3469112694263458
0.34658952355384826
0.3462687134742737
0.3459488570690155
0.3456299722194672
0.3453121244907379
0.34499530792236327
0.34467954039573667
0.3443648874759674
0.344051331281662
0.34373895525932313
0.34342780113220217
0.3431177496910095
0.34280898571014407
0.3425014853477478
0.34219526052474974
0.34189032912254336
0.34158672094345094
0.3412844479084015
0.34098356366157534
0.3406840443611145
0.34038599729537966
0.34008933901786803
0.3397941470146179
0.33950044512748717
0.33920822143554685
0.3389175295829773
0.3386283218860626
0.33834070563316343
0.33805459141731264
0.33777010440826416
0.3374871969223022
0.3372058868408203
0.33692620396614076
0.3366481602191925
0.33637174367904665
0.3360969960689545
0.3358239114284515
0.3355524778366089
0.3352827727794647
0.33501474261283876
0.3347484052181244
0.33448377847671507
0.3342208743095398
0.33395970463752744
0.33370026350021365
0.3334425866603851
0.33318660259246824
0.3329323649406433
0.33267989158630373
0.3324291706085205
0.33218019008636473
0.3319329559803009
0.33168750405311587
0.33144381642341614
0.3312018632888794
0.3309616565704346
0.33072322607040405
0.33048654198646543
0.33025161623954774
0.3300184547901154
0.32978700995445254
0.3295573353767395
0.32932938933372496
0.32910319566726687
0.32887874245643617
0.3286560416221619
0.32843502759933474
0.3282157421112061
0.3279981315135956
0.32778226137161254
0.3275680959224701
0.3273556470870972
0.32714484333992006
0.32693573236465456
0.3267282724380493
0.3265224814414978
0.32631837725639345
0.32611590027809145
0.3259150743484497
0.3257158696651459
0.325518274307251
0.3253223180770874
0.3251279294490814
0.3249351143836975
0.3247439324855804
0.3245543003082275
0.3243662238121033
0.3241797208786011
0.32399473190307615
0.323811286687851
0.3236293375492096
0.32344889640808105
0.32326996326446533
0.32309250831604003
0.3229164958000183
0.3227419495582581
0.32256886959075926
0.3223972380161285
0.3222270369529724
0.3220582246780396
0.3218908131122589
0.3217247903347015
0.3215601682662964
0.32139689326286314
0.3212349772453308
0.32107439637184143
0.320915150642395
0.32075722217559816
0.32060061693191527
0.3204452872276306
0.32029126286506654
0.3201384782791138
0.31998695731163024
0.319836699962616
0.3196876525878906
0.31953983902931216
0.31939323544502257
0.31924782395362855
0.31910359263420107
0.318960565328598
0.3188186526298523
0.3186779022216797
0.3185382902622223
0.31839980483055114
0.3182624340057373
0.31812613010406493
0.31799097657203673
0.3178568661212921
0.31772386431694033
0.31759185791015626
0.31746090650558473
0.3173310160636902
0.31720210909843444
0.31707423329353335
0.31694735288619996
0.3168214440345764
0.3166965305805206
0.3165725886821747
0.3164495944976807
0.3163275420665741
0.3162063956260681
0.31608617305755615
0.3159668743610382
0.31584847569465635
0.31573096513748167
0.3156143546104431
0.3154985785484314
0.31538367867469785
0.31526959538459776
0.31515641808509826
0.3150440096855164
0.31493242383003234
0.3148216545581818
0.3147116661071777
0.3146024763584137
0.31449406743049624
0.3143864214420319
0.3142795264720917
0.31417341232299806
0.31406804323196413
0.3139633536338806
0.31385942697525027
0.3137561798095703
0.31365365982055665
0.31355183124542235
0.3134507298469543
0.3133502542972565
0.31325048208236694
0.31315133571624754
0.31305288672447207
0.3129550576210022
0.31285789608955383
0.31276133060455324
0.3126654028892517
0.31257007718086244
0.31247533559799195
0.3123812198638916
0.3122877061367035
0.3121947705745697
0.3121024250984192
0.3120106220245361
0.31191938519477846
0.31182870268821716
0.31173858642578123
0.3116490125656128
0.3115599751472473
0.31147146224975586
0.31138346195220945
0.31129599213600156
0.3112090349197388
0.31112255454063414
0.31103657484054564
0.31095110774040224
0.310866105556488
0.31078159213066103
0.31069754958152773
0.31061399579048155
0.31053085923194884
0.3104482114315033
0.31036601662635804
0.3102842688560486
0.3102029383182526
0.31012206673622134
0.3100415825843811
0.3099615514278412
0.3098819613456726
0.3098027527332306
0.3097239792346954
0.3096455991268158
0.3095676064491272
0.3094900131225586
0.3094128131866455
0.3093360006809235
0.3092595815658569
0.30918354988098146
0.3091078817844391
0.3090325653553009
0.3089576125144958
0.3088830351829529
0.30880882740020754
0.30873491764068606
0.3086613953113556
0.30858821868896485
0.30851536989212036
0.30844286680221555
0.30837066769599913
0.30829883813858033
0.30822732448577883
0.3081561326980591
0.30808526277542114
0.30801466703414915
0.3079444706439972
0.3078745245933533
0.3078048825263977
0.30773563385009767
0.3076665222644806
0.3075978994369507
0.3075293958187103
0.3074613153934479
0.30739342570304873
0.3073259055614471
0.3072586119174957
0.3071916580200195
0.3071249186992645
0.3070585072040558
0.30699232816696165
0.30692643523216245
0.30686081647872926
0.306795471906662
0.30673040747642516
0.3066655874252319
0.30660101771354675
0.30653674006462095
0.306472647190094
0.30640886425971986
0.30634533166885375
0.3062820494174957
0.3062189817428589
0.30615619421005247
0.3060936570167542
0.30603137612342834
0.3059692978858948
0.30590752363204954
0.3058458805084229
0.30578460097312926
0.30572343468666074
0.30566262602806094
0.3056019306182861
0.3055415630340576
0.3054813325405121
0.30542140603065493
0.30536161065101625
0.30530221462249757
0.30524283051490786
0.305183881521225
0.3051249623298645
0.3050664126873016
0.30500797629356385
0.30494981408119204
0.30489184260368346
0.304834121465683
0.3047765791416168
0.30471928119659425
0.30466215014457704
0.3046052694320679
0.30454856157302856
0.30449212789535524
0.30443582534790037
0.3043797850608826
0.3043238759040833
0.3042682707309723
0.3042127788066864
0.30415756702423097
0.30410245060920715
0.30404767394065857
0.3039929986000061
0.30393860340118406
0.3038842976093292
0.3038303017616272
0.30377641320228577
0.30372284054756166
0.30366928577423097
0.3036161243915558
0.303562992811203
0.3035101771354675
0.3034574627876282
0.30340505838394166
0.30335271954536436
0.303300678730011
0.3032487452030182
0.3031970739364624
0.30314552783966064
0.3030942499637604
0.30304311513900756
0.3029922068119049
0.3029414117336273
0.30289090275764463
0.3028405010700226
0.3027903616428375

epochs:2

epochs:3

epochs:4

epochs:5
0.3027519851922989
0.3026962369680405
0.30264107286930086
0.3025864988565445
0.302532485127449
0.3024790555238724
0.30242619216442107
0.302373880147934
0.3023220896720886
0.30227087438106537
0.3022201627492905
0.30216997265815737
0.30212032198905947
0.30207115709781646
0.3020225167274475
0.30197436213493345
0.30192667841911314
0.301879471540451
0.3018327564001083
0.3017865210771561
0.3017407268285751
0.30169536769390104
0.30165049731731414
0.3016060531139374
0.3015620350837708
0.30151846408843996
0.3014752805233002
0.30143254399299624
0.3013902097940445
0.3013482838869095
0.3013067603111267
0.3012656182050705
0.30122489631175997
0.3011845201253891
0.30114455223083497
0.3011049687862396
0.3010657340288162
0.30102685987949374
0.30098833739757536
0.3009501755237579
0.3009123712778091
0.30087490677833556
0.3008377909660339
0.3008009999990463
0.30076455175876615
0.30072841644287107
0.3006926000118256
0.3006570875644684
0.3006219416856766
0.3005870580673218
0.3005524963140488
0.30051824152469636
0.30048424005508423
0.300450599193573
0.3004172295331955
0.3003841549158096
0.3003513067960739
0.3003188014030457
0.3002865433692932
0.30025455355644226
0.3002228528261185
0.3001914113759995
0.3001602113246918
0.3001293271780014
0.3000986546278
0.3000682473182678
0.300038081407547
0.3000081777572632
0.29997846484184265
0.29994907379150393
0.29991987347602844
0.2998909592628479
0.29986222088336945
0.29983373582363126
0.29980550706386566
0.2997774571180344
0.2997496038675308
0.29972205460071566
0.29969467520713805
0.2996675431728363
0.2996405929327011
0.2996138781309128
0.29958733916282654
0.29956101477146146
0.29953491389751435
0.2995090186595917
0.2994833022356033
0.2994577884674072
0.2994324713945389
0.2994073420763016
0.2993823945522308
0.29935767948627473
0.29933313429355624
0.299308767914772
0.2992845982313156
0.2992605924606323
0.29923678636550904
0.299213108420372
0.2991896629333496
0.29916638433933257
0.2991432577371597
0.29912030696868896
0.2990975320339203
0.29907490909099577
0.2990524649620056
0.29903019964694977
0.29900808334350587
0.29898613393306733
0.2989642858505249
0.2989426851272583
0.2989212393760681
0.2988998681306839
0.2988787055015564
0.29885766506195066
0.2988367885351181
0.2988160938024521
0.2987955003976822
0.29877505600452425
0.29875479340553285
0.29873462915420534
0.29871462285518646
0.29869480431079865
0.2986750900745392
0.298655503988266
0.29863605797290804
0.2986167877912521
0.29859760999679563
0.29857857823371886
0.2985597014427185
0.29854091703891755
0.2985223114490509
0.2985038191080093
0.2984855204820633
0.2984672516584396
0.2984492242336273
0.29843119382858274
0.29841342866420745
0.2983956724405289
0.2983781397342682
0.29836068153381345
0.29834336042404175
0.2983261376619339
0.29830908477306367
0.2982921302318573
0.2982753187417984
0.2982586622238159
0.2982420653104782
0.2982256054878235
0.2982092767953873
0.2981930643320084
0.29817697405815125
0.29816103279590606
0.2981451988220215
0.29812948405742645
0.2981138825416565
0.29809839129447935
0.2980830579996109
0.29806781113147734
0.2980526626110077
0.2980376809835434
0.29802278578281405
0.2980079919099808
0.2979933559894562
0.2979787468910217
0.29796438217163085
0.29794999957084656
0.29793586432933805
0.2979217261075974
0.2979077726602554
0.29789391458034514
0.29788017868995664
0.2978665143251419
0.2978529900312424
0.29783958196640015
0.2978262811899185
0.29781309366226194
0.29780001640319825
0.2977870464324951
0.29777416586875916
0.297761407494545
0.2977487623691559
0.29773623645305636
0.2977237790822983
0.29771142899990083
0.29769923388957975
0.29768710434436796
0.29767511785030365
0.29766316115856173
0.29765141010284424
0.2976396828889847
0.2976280927658081
0.29761657416820525
0.2976052314043045
0.29759388864040376

epochs:6

epochs:7

epochs:8

epochs:9

epochs:10

epochs:11

epochs:12

epochs:13

epochs:14

epochs:15

epochs:16

epochs:17

epochs:18

epochs:19

epochs:20

epochs:21

epochs:22

epochs:23

epochs:24

epochs:25

epochs:26

epochs:27

epochs:28

epochs:29

epochs:30

epochs:31

epochs:32

epochs:33

epochs:34

epochs:35

epochs:36

epochs:37

epochs:38

epochs:39

epochs:40

epochs:41

epochs:42

epochs:43

epochs:44

epochs:45

epochs:46

epochs:47

epochs:48

epochs:49
