
epochs:0

epochs:1

epochs:2

epochs:3
0.2999722808599472
0.2997185379266739
0.29946816265583037
0.2992211371660233
0.2989774405956268
0.298736983537674
0.29849974513053895
0.29826574623584745
0.2980348438024521
0.29780704379081724
0.29758238792419434
0.2973607569932938
0.29714220464229585
0.29692659378051756
0.29671397507190705
0.2965043216943741
0.29629759192466737
0.29609376192092896
0.2958928018808365
0.2956947386264801
0.29549946784973147
0.29530702233314515
0.29511734545230867
0.29493050277233124
0.2947463750839233
0.2945649981498718
0.2943863242864609
0.2942103534936905
0.2940370500087738
0.29386642277240754
0.29369846880435946
0.29353308379650117
0.29337032437324523
0.2932101428508759
0.293052539229393
0.2928974896669388
0.29274497330188753
0.29259493947029114
0.2924474239349365
0.2923023611307144
0.2921597629785538
0.29201960265636445
0.2918818801641464
0.2917465180158615
0.2916135758161545
0.29148294031620026
0.29135468900203704
0.29122870564460757
0.2911050409078598
0.29098370373249055
0.29086457192897797
0.2907477021217346
0.2906330406665802
0.29052057564258577
0.2904102742671967
0.29030215442180635
0.2901961863040924
0.2900923043489456
0.28999053239822387
0.28989081680774687
0.2897931843996048
0.2896975725889206
0.2896039575338364
0.28951231241226194
0.28942267298698426
0.28933494389057157
0.28924917578697207
0.28916530311107635
0.28908332288265226
0.28900319039821626
0.28892486691474917
0.28884837627410886
0.2887737363576889
0.28870082795619967
0.2886296480894089
0.28856021761894224
0.28849251568317413
0.28842649757862093
0.2883621335029602
0.28829942643642426
0.28823832273483274
0.2881788432598114
0.2881209343671799
0.28806458711624144
0.28800977766513824
0.2879564970731735
0.2879047006368637
0.28785437941551206
0.287805512547493
0.287758070230484
0.287712037563324
0.2876673936843872
0.287624129652977
0.2875821888446808
0.2875416100025177
0.2875022768974304
0.28746429085731506
0.28742752969264984
0.2873920351266861
0.28735771775245667
0.28732462227344513
0.28729274570941926
0.2872620075941086
0.28723238706588744
0.2872038632631302
0.2871764928102493
0.2871501505374908
0.28712489902973176
0.28710069954395295
0.2870774924755096
0.2870552897453308
0.28703408539295194
0.2870137900114059
0.2869944840669632
0.2869760364294052
0.2869585305452347
0.28694190084934235
0.2869261413812637
0.2869111955165863
0.2868970721960068
0.2868837773799896
0.2868712455034256
0.2868594914674759
0.2868484854698181
0.2868381321430206
0.2868285983800888
0.2868197292089462
0.28681151270866395
0.28680395185947416
0.2867970377206802
0.28679072856903076
0.28678501546382906
0.28677993416786196
0.28677535355091094
0.2867713838815689
0.28676791191101075
0.28676496148109437
0.28676248490810397
0.2867605298757553
0.286759015917778
0.28675796687602995
0.2867573142051697
0.28675709664821625
0.2867535620927811
0.28674071133136747
0.28672751486301423
0.28671402037143706
0.28670017421245575
0.2866860419511795
0.286671569943428
0.28665675818920133
0.28664164841175077
0.28662618100643156
0.2866104394197464
0.2865943729877472
0.2865779548883438
0.28656128644943235
0.2865442484617233
0.28652689456939695
0.28650926649570463
0.2864912778139114
0.2864730507135391
0.28645443022251127
0.2864355891942978
0.28641635477542876
0.28639692068099976
0.28637705743312836
0.2863570511341095
0.2863366097211838
0.28631595969200135
0.2862949728965759
0.2862736940383911
0.2862521469593048
0.2862303048372269
0.2862081557512283
0.286185747385025
0.28616303503513335
0.28614007532596586
0.28611682951450346
0.2860932856798172
0.2860694855451584
0.28604541122913363
0.2860210508108139
0.28599645793437956
0.2859715610742569
0.2859464317560196
0.2859210431575775
0.2858953893184662
0.28586944937705994
0.2858433037996292
0.2858168989419937
0.2857902467250824
0.28576330542564393
0.28573617339134216
0.28570878207683564
0.28568117022514344
0.285653281211853
0.2856252402067184
0.2855968564748764
0.28556837141513824
0.2855395644903183
0.28551057875156405
0.28548132479190824
0.28545191287994387
0.28542222678661344
0.28539237976074217
0.28536229133605956
0.2853320240974426
0.28530151546001437
0.28527081608772276
0.28523993492126465
0.2852088451385498
0.2851775407791138
0.2851460874080658
0.28511437475681306
0.28508255779743197
0.2850505173206329
0.2850183188915253
0.284985876083374
0.28495332300662995
0.28492054641246795
0.28488765358924867
0.2848545163869858
0.2848213016986847
0.2847878336906433
0.28475428819656373
0.28472045958042147
0.28468658626079557
0.284652516245842
0.28461829721927645
0.28458394706249235
0.284549418091774
0.2845147639513016
0.28447999358177184
0.2844450294971466
0.28440995514392853
0.2843747317790985
0.2843393862247467
0.2843038737773895
0.2842682749032974
0.2842325299978256
0.28419669568538664
0.2841606795787811
0.2841246098279953

epochs:4

epochs:5

epochs:6

epochs:7

epochs:8

epochs:9

epochs:10

epochs:11

epochs:12

epochs:13

epochs:14

epochs:15

epochs:16

epochs:17

epochs:18

epochs:19

epochs:20

epochs:21

epochs:22

epochs:23

epochs:24

epochs:25

epochs:26

epochs:27

epochs:28

epochs:29

epochs:30

epochs:31

epochs:32

epochs:33

epochs:34

epochs:35

epochs:36

epochs:37

epochs:38

epochs:39

epochs:40

epochs:41

epochs:42

epochs:43

epochs:44

epochs:45

epochs:46

epochs:47

epochs:48

epochs:49

epochs:0

epochs:1

epochs:2

epochs:3

epochs:4

epochs:5

epochs:6

epochs:7

epochs:8

epochs:9

epochs:10

epochs:11

epochs:12

epochs:13

epochs:14

epochs:15

epochs:16

epochs:17

epochs:18

epochs:19

epochs:20

epochs:21

epochs:22

epochs:23

epochs:24

epochs:25

epochs:26

epochs:27

epochs:28

epochs:29

epochs:30

epochs:31

epochs:32

epochs:33

epochs:34

epochs:35

epochs:36

epochs:37

epochs:38

epochs:39

epochs:40

epochs:41

epochs:42

epochs:43

epochs:44

epochs:45

epochs:46

epochs:47

epochs:48

epochs:49
